116
650
1137
1625
2089
2600
3134
3668
4272
4760
5247
5712
6199
6687
7174
7662
8150
8614
9102
9589
10077
10565
11052
11517
12004
12492
12979
13444
13931
14419
14907
15394
15882
16370
16857
17322
17763
18227
18692
19110
19527
19992
20456
20944
21432
21919
22407
22871
23359
23870
24357
24798
25286
25797
26261
26749
27237
27724
28212
28676
29141
29651
30139
30580
31114
31602
32066
32554
33065
33552
34040
34504
34992
35456
35874
36269
36687
37128
37662
38127
38614
39102
39590
40077
40565
41052
41540
42004
42492
42980
43467
43908
44396
44860
45395
45859
46370
46857
47345
47809
48274
48738
49226
49713
50201
50712
51200
51687
52175
52662
53150
53638
54102
54590
55077
55565
56052
56540
57028
57492
57957
58467
58932
59443
59907
60395
60882
61370
61857
62345
62833
63297
63785
64342
64899
65410
65921
66432
66919
67384
67848
68336
68847
69334
69822
70286
70797
71285
71749
72237
72724
73212
73700
74210
74675
75139
75627
76115
76602
77043
77554
78042
78529
79040
79528
80085
80642
81200
81687
82175
82663
83150
83615
84102
84567
85077
85565
86053
86517
87005
87492
87980
88468
88955
89420
89907
90348
90836
91300
91834
92299
92810
93297
93785
94249
94714
95201
95689
96177
96664
97175
97663
98127
98615
99102
99590
100078
100565
101053
101517
102005
102492
102980
103468
103955
104420
104907
105372
105882
106370
106858
107345
107810
108297
108785
109296
109760
110248
110735
111200
111687
112175
112663
113197
113754
114242
114729
115310
115797
116285
116773
117260
117748
118212
118700
119188
119675
120163
120650
121138
121626
122113
122601
123088
123553
124040
124528
125016
125503
126014
126525
127036
127547
128127
128615
129102
129590
130078
130565
131053
131541
132005
132493
132980
133468
133955
134443
134907
135395
135883
136370
136858
137322
137810
138298
138785
139273
139760
140225
140712
141200
141688
142175
142663
143127
143615
144103
144590
145078
145565
146053
146541
147005
147493
147980
148468
148956
149443
149931
150395
150860
151370
151835
152322
152810
153298
153785
154273
154760
155248
155736
156200
156688
157152
157640
158127
158638
159103
159590
160055
160542
161030
161518
162005
162493
162980
163445
163932
164420
164908
165395
165883
166347
166835
167322
