1811
2345
2856
3390
3900
4435
4969
5479
6013
6548
7082
7592
8126
8661
9171
9705
10240
10750
11284
11818
12329
12863
13397
13931
14442
14976
15487
16021
16532
17066
17600
18134
18668
19202
19736
20247
20781
21315
21849
22337
22871
23428
23962
24473
24984
25518
26029
26563
27097
27608
28119
28606
29141
29721
30255
30789
31300
31857
32368
32902
33436
33970
34481
34992
35503
36037
36571
37082
37616
38103
38684
39218
39729
40263
40797
41308
41819
42353
42887
43421
43932
44442
45000
45534
46045
46579
47113
47624
48134
48669
49203
49713
50224
50758
51292
51803
52314
52871
53405
53916
54427
54938
55472
56029
56563
57121
57631
58142
58653
59187
59721
60232
60766
61300
61811
62345
62879
63413
63924
64435
64969
65503
66037
66548
67082
67732
68266
68916
69381
69845
70356
70774
71285
71935
72469
73003
73537
74048
74582
75116
75650
76161
76695
77252
77810
78367
78901
79435
79899
80387
80898
81548
82059
82616
83150
83661
84172
84729
85263
85774
86285
86819
87330
87864
88398
88932
89466
89977
90488
91022
91556
92090
92601
93135
93669
94203
94737
95248
95759
96293
96827
97338
97872
98406
98917
99451
99985
100495
101030
101564
102074
102608
103143
103677
104187
104721
105232
105766
106300
106811
107345
107879
108390
108924
